0 0.439904 0.865385 0.052885 0.089744
0 0.758413 0.452991 0.050481 0.068376
0 0.679087 0.544872 0.040865 0.081197
0 0.628606 0.523504 0.036058 0.072650
0 0.479567 0.655983 0.036058 0.081197
0 0.473558 0.538462 0.048077 0.076923
0 0.222356 0.790598 0.036058 0.068376
0 0.162260 0.619658 0.045673 0.085470
0 0.296875 0.487179 0.045673 0.102564
0 0.403846 0.211538 0.043269 0.081197
0 0.425481 0.350427 0.043269 0.068376
0 0.526442 0.220085 0.033654 0.072650
0 0.633413 0.245726 0.040865 0.081197
0 0.677885 0.329060 0.057692 0.059829
0 0.751202 0.151709 0.040865 0.055556
0 0.786058 0.202991 0.038462 0.055556
