0 0.712740 0.401709 0.074519 0.153846
0 0.701923 0.164530 0.062500 0.123932
0 0.638221 0.134615 0.069712 0.115385
0 0.643029 0.230769 0.060096 0.102564
0 0.637019 0.361111 0.057692 0.106838
0 0.602163 0.448718 0.055288 0.085470
0 0.174279 0.585470 0.064904 0.094017
0 0.532452 0.194444 0.064904 0.098291
0 0.591346 0.188034 0.057692 0.102564
0 0.471154 0.232906 0.067308 0.072650
0 0.382212 0.320513 0.081731 0.094017
0 0.305288 0.348291 0.076923 0.089744
0 0.277644 0.438034 0.064904 0.072650
0 0.243990 0.529915 0.055288 0.085470
0 0.240385 0.653846 0.067308 0.119658
0 0.313702 0.559829 0.069712 0.128205
0 0.383413 0.527778 0.064904 0.123932
0 0.461538 0.514957 0.062500 0.141026
0 0.524038 0.491453 0.057692 0.128205
0 0.344952 0.425214 0.060096 0.089744
0 0.412260 0.414530 0.050481 0.102564
0 0.439904 0.311966 0.043269 0.068376
0 0.513221 0.303419 0.050481 0.085470
0 0.584135 0.273504 0.076923 0.076923
0 0.480769 0.384615 0.072115 0.085470
0 0.552885 0.367521 0.062500 0.094017
