0 0.126202 0.431624 0.055288 0.111111
0 0.189904 0.480769 0.048077 0.106838
0 0.191106 0.408120 0.064904 0.098291
0 0.258413 0.429487 0.064904 0.106838
0 0.318510 0.435897 0.050481 0.111111
0 0.381010 0.440171 0.045673 0.094017
0 0.443510 0.442308 0.036058 0.081197
0 0.509615 0.448718 0.067308 0.111111
0 0.561298 0.450855 0.050481 0.072650
0 0.618990 0.459402 0.064904 0.089744
0 0.685096 0.465812 0.057692 0.085470
0 0.750000 0.482906 0.062500 0.076923
0 0.799279 0.476496 0.040865 0.064103
0 0.390625 0.508547 0.050481 0.076923
0 0.451923 0.519231 0.052885 0.072650
0 0.509615 0.523504 0.043269 0.081197
0 0.570913 0.534188 0.055288 0.068376
0 0.632212 0.536325 0.057692 0.098291
0 0.689904 0.555556 0.052885 0.102564
0 0.764423 0.559829 0.057692 0.094017
0 0.818510 0.553419 0.045673 0.115385
0 0.539663 0.576923 0.060096 0.068376
0 0.599760 0.600427 0.040865 0.106838
0 0.549279 0.673077 0.074519 0.123932
0 0.450721 0.638889 0.060096 0.106838
0 0.376202 0.583333 0.064904 0.115385
