0 0.836538 0.487981 0.067308 0.062500
0 0.936298 0.323317 0.069712 0.074519
0 0.861779 0.337740 0.074519 0.079327
0 0.853365 0.412260 0.067308 0.069712
0 0.663462 0.401442 0.120192 0.115385
0 0.528846 0.554087 0.100962 0.098558
0 0.561298 0.231971 0.079327 0.079327
0 0.453125 0.299279 0.060096 0.074519
0 0.354567 0.277644 0.050481 0.069712
0 0.385817 0.343750 0.093750 0.086538
0 0.331731 0.403846 0.100962 0.086538
0 0.371394 0.492788 0.084135 0.091346
0 0.323317 0.573317 0.084135 0.098558
0 0.193510 0.485577 0.117788 0.105769
0 0.161058 0.597356 0.086538 0.098558
0 0.084135 0.598558 0.081731 0.134615
