0 0.850962 0.643162 0.033654 0.064103
0 0.859375 0.581197 0.040865 0.068376
0 0.703125 0.820513 0.040865 0.094017
0 0.581731 0.801282 0.048077 0.081197
0 0.685096 0.619658 0.043269 0.068376
0 0.706731 0.514957 0.033654 0.064103
0 0.560096 0.730769 0.043269 0.068376
0 0.268029 0.773504 0.045673 0.085470
0 0.394231 0.651709 0.043269 0.072650
0 0.454327 0.568376 0.038462 0.085470
0 0.512019 0.386752 0.043269 0.072650
0 0.661058 0.380342 0.043269 0.085470
0 0.579327 0.239316 0.033654 0.059829
0 0.378606 0.346154 0.045673 0.068376
0 0.240385 0.324786 0.038462 0.059829
0 0.191106 0.502137 0.040865 0.081197
