0 0.387019 0.773504 0.076923 0.128205
0 0.393029 0.440171 0.055288 0.085470
0 0.836538 0.429487 0.048077 0.106838
0 0.776442 0.399573 0.043269 0.098291
0 0.685096 0.395299 0.043269 0.081197
0 0.727163 0.373932 0.040865 0.115385
0 0.677885 0.314103 0.043269 0.081197
0 0.620192 0.301282 0.038462 0.106838
0 0.570913 0.254274 0.060096 0.089744
0 0.162260 0.551282 0.064904 0.094017
0 0.103365 0.512821 0.057692 0.102564
0 0.129808 0.361111 0.052885 0.064103
0 0.168269 0.290598 0.038462 0.085470
0 0.228365 0.198718 0.057692 0.072650
0 0.314904 0.198718 0.043269 0.072650
0 0.275240 0.160256 0.031250 0.064103
0 0.383413 0.363248 0.055288 0.068376
0 0.383413 0.292735 0.060096 0.055556
0 0.379808 0.226496 0.043269 0.051282
0 0.427885 0.220085 0.043269 0.072650
0 0.477163 0.198718 0.040865 0.072650
0 0.407452 0.134615 0.036058 0.072650
0 0.362981 0.175214 0.043269 0.059829
0 0.365385 0.108974 0.048077 0.081197
0 0.310096 0.128205 0.048077 0.068376
0 0.290865 0.076923 0.052885 0.059829
