0 0.612981 0.514957 0.033654 0.098291
0 0.576923 0.523504 0.033654 0.098291
0 0.539663 0.544872 0.036058 0.081197
0 0.501202 0.564103 0.040865 0.085470
0 0.462740 0.585470 0.031250 0.085470
0 0.423077 0.561966 0.033654 0.064103
0 0.413462 0.645299 0.038462 0.085470
0 0.367788 0.666667 0.028846 0.059829
0 0.365385 0.739316 0.038462 0.068376
0 0.344952 0.805556 0.055288 0.072650
0 0.306490 0.786325 0.031250 0.068376
0 0.651442 0.160256 0.038462 0.055556
0 0.707933 0.094017 0.036058 0.042735
0 0.639423 0.096154 0.033654 0.072650
0 0.602163 0.108974 0.036058 0.098291
0 0.566106 0.100427 0.036058 0.089744
0 0.527644 0.098291 0.031250 0.059829
0 0.457933 0.094017 0.036058 0.059829
0 0.406250 0.173077 0.038462 0.072650
0 0.390625 0.087607 0.050481 0.064103
0 0.332933 0.089744 0.040865 0.085470
0 0.283654 0.506410 0.048077 0.064103
0 0.292067 0.583333 0.036058 0.064103
0 0.288462 0.660256 0.043269 0.081197
0 0.325721 0.634615 0.040865 0.081197
0 0.322115 0.713675 0.038462 0.076923
