0 0.406250 0.750000 0.048077 0.089744
0 0.460337 0.681624 0.055288 0.081197
0 0.528846 0.555556 0.057692 0.102564
0 0.485577 0.598291 0.038462 0.068376
0 0.443510 0.568376 0.050481 0.076923
0 0.480769 0.512821 0.048077 0.076923
0 0.423077 0.478632 0.057692 0.076923
0 0.467548 0.425214 0.050481 0.081197
0 0.126202 0.472222 0.036058 0.081197
0 0.127404 0.391026 0.052885 0.081197
0 0.127404 0.307692 0.052885 0.085470
0 0.131010 0.220085 0.040865 0.081197
0 0.179087 0.269231 0.050481 0.076923
0 0.225962 0.250000 0.048077 0.081197
0 0.281250 0.250000 0.048077 0.072650
0 0.138221 0.147436 0.050481 0.081197
0 0.181490 0.183761 0.055288 0.068376
0 0.245192 0.162393 0.043269 0.068376
0 0.370192 0.089744 0.057692 0.094017
0 0.540865 0.038462 0.048077 0.076923
0 0.292067 0.034188 0.050481 0.068376
0 0.242788 0.074786 0.048077 0.081197
0 0.193510 0.108974 0.036058 0.064103
0 0.157452 0.068376 0.045673 0.085470
0 0.186298 0.027778 0.064904 0.055556
0 0.240385 0.014957 0.043269 0.029915
