0 0.302885 0.679087 0.067308 0.069712
0 0.324519 0.600962 0.062500 0.057692
0 0.227163 0.522837 0.045673 0.036058
0 0.593750 0.543269 0.052885 0.057692
0 0.663462 0.550481 0.048077 0.033654
0 0.664663 0.514423 0.069712 0.057692
0 0.621394 0.468750 0.036058 0.038462
0 0.878606 0.445913 0.045673 0.045673
0 0.890625 0.341346 0.031250 0.043269
0 0.853365 0.373798 0.038462 0.040865
0 0.867788 0.412260 0.038462 0.036058
0 0.787260 0.399038 0.050481 0.062500
0 0.712740 0.402644 0.045673 0.040865
0 0.705529 0.360577 0.036058 0.038462
0 0.618990 0.427885 0.040865 0.038462
0 0.548077 0.432692 0.038462 0.038462
