0 0.389423 0.722222 0.038462 0.068376
0 0.421875 0.811966 0.050481 0.059829
0 0.570913 0.711538 0.050481 0.081197
0 0.663462 0.649573 0.038462 0.076923
0 0.429087 0.623932 0.036058 0.068376
0 0.431490 0.502137 0.040865 0.072650
0 0.498798 0.467949 0.036058 0.072650
0 0.580529 0.517094 0.036058 0.085470
0 0.651442 0.491453 0.038462 0.068376
0 0.725962 0.344017 0.038462 0.064103
0 0.600962 0.384615 0.033654 0.068376
0 0.681490 0.271368 0.031250 0.055556
0 0.635817 0.155983 0.040865 0.055556
0 0.606971 0.277778 0.031250 0.059829
0 0.558894 0.314103 0.036058 0.055556
0 0.474760 0.326923 0.036058 0.072650
