0 0.539663 0.540865 0.103365 0.091346
0 0.614183 0.353365 0.093750 0.096154
0 0.812500 0.401442 0.072115 0.067308
0 0.806490 0.312500 0.055288 0.072115
0 0.806490 0.245192 0.069712 0.067308
0 0.866587 0.203125 0.064904 0.084135
0 0.490385 0.221154 0.105769 0.100962
0 0.407452 0.320913 0.084135 0.074519
0 0.379808 0.384615 0.076923 0.057692
0 0.322115 0.445913 0.096154 0.069712
0 0.385817 0.516827 0.079327 0.072115
0 0.376202 0.622596 0.103365 0.105769
0 0.241587 0.568510 0.084135 0.084135
0 0.222356 0.674279 0.093750 0.108173
0 0.132212 0.704327 0.096154 0.086538
0 0.322115 0.335337 0.062500 0.074519
