0 0.831731 0.094017 0.057692 0.102564
0 0.770433 0.123932 0.045673 0.094017
0 0.748798 0.485043 0.074519 0.158120
0 0.661058 0.517094 0.081731 0.145299
0 0.564904 0.523504 0.076923 0.115385
0 0.477163 0.532051 0.088942 0.106838
0 0.360577 0.538462 0.062500 0.102564
0 0.582933 0.666667 0.064904 0.111111
0 0.516827 0.741453 0.076923 0.175214
0 0.450721 0.653846 0.069712 0.128205
0 0.349760 0.645299 0.084135 0.102564
0 0.366587 0.769231 0.098558 0.162393
0 0.230769 0.711538 0.100962 0.166667
0 0.115385 0.814103 0.125000 0.149573
0 0.096154 0.696581 0.081731 0.102564
0 0.039663 0.634615 0.074519 0.149573
0 0.067308 0.487179 0.072115 0.119658
0 0.438702 0.183761 0.060096 0.119658
0 0.531250 0.230769 0.057692 0.119658
0 0.695913 0.222222 0.064904 0.128205
0 0.551683 0.147436 0.055288 0.089744
0 0.620192 0.183761 0.057692 0.102564
0 0.633413 0.089744 0.045673 0.076923
0 0.710337 0.094017 0.040865 0.094017
0 0.687500 0.134615 0.048077 0.098291
