0 0.787260 0.683761 0.055288 0.102564
0 0.810096 0.474359 0.052885 0.102564
0 0.777644 0.538462 0.060096 0.102564
0 0.752404 0.418803 0.043269 0.076923
0 0.661058 0.337607 0.048077 0.085470
0 0.574519 0.416667 0.057692 0.089744
0 0.602163 0.611111 0.060096 0.111111
0 0.626202 0.662393 0.045673 0.102564
0 0.480769 0.514957 0.052885 0.106838
0 0.405048 0.574786 0.040865 0.106838
0 0.414663 0.391026 0.045673 0.089744
0 0.263221 0.382479 0.055288 0.081197
0 0.179087 0.474359 0.060096 0.102564
0 0.215144 0.636752 0.060096 0.085470
0 0.986779 0.557692 0.016827 0.106838
