0 0.819712 0.664530 0.043269 0.089744
0 0.716346 0.587607 0.028846 0.055556
0 0.650240 0.519231 0.050481 0.081197
0 0.588942 0.585470 0.038462 0.076923
0 0.469952 0.660256 0.050481 0.072650
0 0.515625 0.517094 0.040865 0.068376
0 0.591346 0.232906 0.048077 0.064103
0 0.493990 0.352564 0.060096 0.081197
0 0.502404 0.130342 0.038462 0.064103
0 0.425481 0.250000 0.048077 0.072650
0 0.300481 0.235043 0.052885 0.068376
0 0.277644 0.354701 0.060096 0.094017
0 0.235577 0.527778 0.048077 0.089744
0 0.340144 0.482906 0.031250 0.076923
0 0.405048 0.412393 0.040865 0.072650
0 0.394231 0.540598 0.038462 0.064103
