0 0.383413 0.752137 0.079327 0.128205
0 0.557692 0.754274 0.062500 0.098291
0 0.064904 0.655983 0.072115 0.141026
0 0.165865 0.660256 0.057692 0.123932
0 0.259615 0.668803 0.072115 0.106838
0 0.467548 0.690171 0.050481 0.115385
0 0.647837 0.713675 0.060096 0.085470
0 0.768029 0.720085 0.069712 0.115385
0 0.854567 0.724359 0.064904 0.115385
0 0.368990 0.660256 0.060096 0.081197
0 0.319712 0.623932 0.033654 0.076923
0 0.421875 0.602564 0.050481 0.094017
0 0.513221 0.621795 0.055288 0.123932
0 0.581731 0.630342 0.072115 0.106838
0 0.763221 0.636752 0.064904 0.094017
0 0.850962 0.626068 0.057692 0.098291
0 0.683894 0.617521 0.055288 0.106838
