0 0.383413 0.651709 0.055288 0.055556
0 0.524038 0.418803 0.038462 0.076923
0 0.475962 0.474359 0.033654 0.059829
0 0.444712 0.506410 0.033654 0.055556
0 0.415865 0.598291 0.043269 0.059829
0 0.405048 0.538462 0.031250 0.068376
0 0.445913 0.435897 0.031250 0.059829
0 0.411058 0.452991 0.024038 0.051282
0 0.381010 0.412393 0.045673 0.081197
0 0.381010 0.482906 0.031250 0.051282
0 0.365385 0.553419 0.038462 0.055556
0 0.331731 0.585470 0.038462 0.076923
0 0.263221 0.606838 0.036058 0.076923
0 0.298077 0.446581 0.033654 0.064103
0 0.347356 0.433761 0.036058 0.064103
0 0.237981 0.532051 0.043269 0.072650
