0 0.431490 0.525240 0.098558 0.069712
0 0.739183 0.485577 0.060096 0.076923
0 0.234375 0.427885 0.064904 0.081731
0 0.205529 0.323317 0.074519 0.093750
0 0.323317 0.316106 0.064904 0.069712
0 0.316106 0.405048 0.074519 0.069712
0 0.500000 0.294471 0.057692 0.069712
0 0.493990 0.199519 0.055288 0.057692
0 0.605769 0.200721 0.057692 0.060096
0 0.710337 0.188702 0.064904 0.064904
0 0.674279 0.289663 0.069712 0.074519
0 0.631010 0.343750 0.069712 0.072115
0 0.693510 0.387019 0.074519 0.072115
0 0.605769 0.405048 0.067308 0.064904
0 0.481971 0.420673 0.055288 0.072115
0 0.453125 0.349760 0.098558 0.084135
