0 0.782452 0.497596 0.069712 0.076923
0 0.885817 0.282452 0.074519 0.088942
0 0.751202 0.391827 0.079327 0.081731
0 0.643029 0.414663 0.055288 0.060096
0 0.593750 0.462740 0.076923 0.084135
0 0.582933 0.564904 0.079327 0.081731
0 0.641827 0.286058 0.076923 0.072115
0 0.546875 0.265625 0.074519 0.084135
0 0.204327 0.296875 0.076923 0.084135
0 0.198317 0.518029 0.117788 0.108173
0 0.467548 0.650240 0.084135 0.103365
0 0.412260 0.599760 0.093750 0.074519
0 0.382212 0.522837 0.086538 0.084135
0 0.344952 0.411058 0.112981 0.096154
0 0.395433 0.352163 0.108173 0.088942
