0 0.669471 0.611111 0.064904 0.128205
0 0.717548 0.324786 0.069712 0.102564
0 0.651442 0.282051 0.062500 0.128205
0 0.639423 0.410256 0.067308 0.111111
0 0.593750 0.320513 0.057692 0.102564
0 0.536058 0.273504 0.062500 0.111111
0 0.566106 0.403846 0.050481 0.106838
0 0.465144 0.297009 0.074519 0.123932
0 0.492788 0.378205 0.072115 0.098291
0 0.420673 0.376068 0.062500 0.085470
0 0.359375 0.346154 0.074519 0.111111
0 0.289663 0.344017 0.079327 0.123932
0 0.236779 0.420940 0.060096 0.098291
0 0.299279 0.444444 0.064904 0.094017
0 0.371394 0.463675 0.064904 0.106838
0 0.442308 0.470085 0.067308 0.119658
0 0.516827 0.480769 0.072115 0.106838
0 0.603365 0.529915 0.086538 0.119658
0 0.556490 0.604701 0.064904 0.115385
0 0.474760 0.594017 0.060096 0.111111
0 0.408654 0.604701 0.076923 0.132479
0 0.332933 0.559829 0.055288 0.119658
0 0.272837 0.561966 0.084135 0.115385
0 0.191106 0.519231 0.069712 0.089744
0 0.170673 0.636752 0.076923 0.128205
0 0.115385 0.557692 0.076923 0.123932
