0 0.640625 0.705128 0.060096 0.076923
0 0.393029 0.732906 0.045673 0.081197
0 0.500000 0.630342 0.043269 0.072650
0 0.664663 0.572650 0.036058 0.059829
0 0.725962 0.438034 0.038462 0.098291
0 0.623798 0.446581 0.055288 0.072650
0 0.548077 0.474359 0.048077 0.076923
0 0.450721 0.502137 0.036058 0.055556
0 0.316106 0.581197 0.040865 0.085470
0 0.573317 0.367521 0.045673 0.076923
0 0.521635 0.224359 0.038462 0.089744
0 0.442308 0.329060 0.043269 0.068376
0 0.390625 0.243590 0.045673 0.076923
0 0.313702 0.290598 0.050481 0.085470
0 0.233173 0.267094 0.043269 0.072650
0 0.191106 0.356838 0.064904 0.081197
