0 0.824519 0.710337 0.038462 0.045673
0 0.937500 0.657452 0.043269 0.050481
0 0.757212 0.709135 0.057692 0.052885
0 0.710337 0.643029 0.060096 0.040865
0 0.784856 0.615385 0.040865 0.052885
0 0.830529 0.616587 0.045673 0.036058
0 0.524038 0.635817 0.048077 0.040865
0 0.437500 0.656250 0.048077 0.043269
0 0.088942 0.639423 0.052885 0.048077
0 0.187500 0.649038 0.048077 0.052885
0 0.216346 0.632212 0.038462 0.048077
0 0.367788 0.625000 0.028846 0.024038
0 0.367788 0.646635 0.033654 0.033654
0 0.399038 0.627404 0.033654 0.038462
0 0.430288 0.628606 0.024038 0.031250
0 0.171875 0.627404 0.040865 0.043269
