0 0.788462 0.604567 0.096154 0.084135
0 0.792067 0.513221 0.084135 0.079327
0 0.804087 0.451923 0.074519 0.072115
0 0.885817 0.419471 0.069712 0.079327
0 0.610577 0.530048 0.096154 0.098558
0 0.485577 0.689904 0.072115 0.100962
0 0.340144 0.634615 0.079327 0.067308
0 0.299279 0.717548 0.084135 0.093750
0 0.128606 0.754808 0.093750 0.110577
0 0.038462 0.757212 0.076923 0.105769
0 0.168269 0.634615 0.081731 0.105769
0 0.287260 0.557692 0.098558 0.086538
0 0.490385 0.367788 0.076923 0.062500
0 0.401442 0.443510 0.076923 0.084135
0 0.349760 0.493990 0.108173 0.088942
0 0.290865 0.439904 0.076923 0.062500
