0 0.591346 0.228632 0.043269 0.072650
0 0.711538 0.467949 0.038462 0.064103
0 0.663462 0.500000 0.038462 0.068376
0 0.591346 0.423077 0.038462 0.059829
0 0.616587 0.318376 0.036058 0.055556
0 0.526442 0.519231 0.038462 0.072650
0 0.442308 0.732906 0.052885 0.098291
0 0.365385 0.707265 0.052885 0.081197
0 0.161058 0.681624 0.043269 0.072650
0 0.213942 0.485043 0.038462 0.072650
0 0.306490 0.352564 0.040865 0.064103
0 0.390625 0.346154 0.050481 0.085470
0 0.485577 0.350427 0.048077 0.076923
0 0.361779 0.514957 0.045673 0.072650
0 0.290865 0.585470 0.048077 0.059829
0 0.376202 0.630342 0.045673 0.064103
