0 0.848558 0.628205 0.033654 0.051282
0 0.835337 0.698718 0.036058 0.081197
0 0.681490 0.863248 0.045673 0.076923
0 0.578125 0.833333 0.050481 0.068376
0 0.551683 0.752137 0.050481 0.068376
0 0.682692 0.658120 0.038462 0.076923
0 0.695913 0.564103 0.040865 0.076923
0 0.653846 0.431624 0.043269 0.059829
0 0.575721 0.309829 0.040865 0.064103
0 0.504808 0.423077 0.057692 0.085470
0 0.451923 0.619658 0.043269 0.094017
0 0.390625 0.694444 0.045673 0.064103
0 0.266827 0.809829 0.038462 0.072650
0 0.193510 0.551282 0.040865 0.076923
0 0.241587 0.382479 0.055288 0.081197
0 0.373798 0.405983 0.040865 0.068376
