0 0.710337 0.677350 0.050481 0.106838
0 0.653846 0.658120 0.038462 0.085470
0 0.604567 0.621795 0.036058 0.072650
0 0.579327 0.707265 0.028846 0.072650
0 0.548077 0.576923 0.043269 0.051282
0 0.542067 0.655983 0.026442 0.064103
0 0.497596 0.598291 0.028846 0.051282
0 0.406250 0.502137 0.033654 0.064103
0 0.349760 0.655983 0.040865 0.064103
0 0.341346 0.463675 0.038462 0.055556
0 0.294471 0.420940 0.040865 0.064103
0 0.209135 0.895299 0.052885 0.072650
0 0.111779 0.861111 0.045673 0.089744
0 0.049279 0.801282 0.055288 0.098291
0 0.087740 0.602564 0.036058 0.076923
0 0.135817 0.519231 0.036058 0.072650
0 0.224760 0.489316 0.036058 0.064103
0 0.278846 0.478632 0.028846 0.051282
0 0.301683 0.538462 0.045673 0.059829
0 0.274038 0.735043 0.038462 0.076923
0 0.292067 0.668803 0.040865 0.064103
0 0.305288 0.608974 0.033654 0.047009
