0 0.716346 0.367521 0.057692 0.102564
0 0.683894 0.153846 0.040865 0.085470
0 0.632212 0.160256 0.052885 0.106838
0 0.650240 0.250000 0.045673 0.072650
0 0.653846 0.352564 0.043269 0.081197
0 0.650240 0.435897 0.060096 0.085470
0 0.599760 0.474359 0.040865 0.076923
0 0.594952 0.386752 0.040865 0.081197
0 0.610577 0.301282 0.043269 0.081197
0 0.608173 0.228632 0.048077 0.089744
0 0.556490 0.245726 0.055288 0.098291
0 0.558894 0.339744 0.036058 0.089744
0 0.554087 0.423077 0.040865 0.076923
0 0.548077 0.523504 0.048077 0.106838
0 0.495192 0.549145 0.028846 0.115385
0 0.500000 0.455128 0.043269 0.098291
0 0.510817 0.365385 0.036058 0.081197
0 0.515625 0.292735 0.036058 0.081197
0 0.459135 0.395299 0.043269 0.081197
0 0.453125 0.489316 0.040865 0.072650
0 0.457933 0.585470 0.045673 0.076923
0 0.430288 0.670940 0.052885 0.076923
0 0.367788 0.679487 0.057692 0.094017
0 0.395433 0.596154 0.045673 0.089744
0 0.396635 0.500000 0.048077 0.076923
0 0.414663 0.423077 0.036058 0.068376
