0 0.612981 0.688034 0.043269 0.102564
0 0.716346 0.480769 0.038462 0.072650
0 0.617788 0.542735 0.043269 0.094017
0 0.498798 0.688034 0.050481 0.094017
0 0.301683 0.688034 0.045673 0.068376
0 0.272837 0.585470 0.060096 0.102564
0 0.344952 0.529915 0.045673 0.085470
0 0.370192 0.440171 0.043269 0.094017
0 0.451923 0.442308 0.052885 0.098291
0 0.533654 0.527778 0.048077 0.081197
0 0.443510 0.324786 0.036058 0.068376
0 0.537260 0.356838 0.040865 0.089744
0 0.569712 0.427350 0.043269 0.076923
0 0.593750 0.361111 0.038462 0.089744
0 0.640625 0.290598 0.036058 0.085470
0 0.670673 0.401709 0.038462 0.085470
