0 0.667067 0.538462 0.055288 0.119658
0 0.675481 0.271368 0.057692 0.106838
0 0.620192 0.256410 0.062500 0.111111
0 0.618990 0.376068 0.069712 0.102564
0 0.573317 0.309829 0.055288 0.115385
0 0.552885 0.403846 0.048077 0.106838
0 0.609375 0.508547 0.055288 0.119658
0 0.574519 0.591880 0.072115 0.123932
0 0.510817 0.598291 0.060096 0.111111
0 0.527644 0.495726 0.069712 0.128205
0 0.521635 0.314103 0.048077 0.089744
0 0.498798 0.410256 0.060096 0.076923
0 0.463942 0.344017 0.048077 0.106838
0 0.468750 0.512821 0.048077 0.076923
0 0.451923 0.632479 0.062500 0.102564
0 0.436298 0.435897 0.045673 0.094017
0 0.406250 0.517094 0.067308 0.094017
0 0.385817 0.643162 0.060096 0.106838
0 0.381010 0.440171 0.060096 0.102564
0 0.343750 0.538462 0.057692 0.085470
0 0.310096 0.459402 0.076923 0.098291
0 0.281250 0.542735 0.072115 0.102564
0 0.323317 0.660256 0.064904 0.123932
0 0.254808 0.658120 0.048077 0.102564
0 0.245192 0.771368 0.052885 0.106838
0 0.188702 0.717949 0.084135 0.128205
