0 0.554087 0.707265 0.021635 0.047009
0 0.425481 0.715812 0.019231 0.038462
0 0.451923 0.720085 0.024038 0.047009
0 0.474760 0.717949 0.026442 0.042735
0 0.496394 0.720085 0.026442 0.038462
0 0.531250 0.711538 0.014423 0.055556
0 0.432692 0.645299 0.019231 0.025641
0 0.421875 0.666667 0.012019 0.025641
0 0.412260 0.690171 0.007212 0.021368
0 0.441106 0.685897 0.012019 0.021368
0 0.486779 0.643162 0.012019 0.012821
0 0.525240 0.658120 0.012019 0.025641
0 0.472356 0.660256 0.021635 0.021368
0 0.465144 0.685897 0.012019 0.021368
0 0.489183 0.688034 0.012019 0.017094
0 0.490385 0.662393 0.009615 0.017094
0 0.510817 0.694444 0.016827 0.021368
0 0.512019 0.673077 0.009615 0.012821
