0 0.741587 0.502137 0.040865 0.081197
0 0.717548 0.284188 0.036058 0.064103
0 0.723558 0.399573 0.038462 0.081197
0 0.650240 0.348291 0.045673 0.072650
0 0.620192 0.431624 0.038462 0.059829
0 0.621394 0.536325 0.045673 0.064103
0 0.611779 0.613248 0.055288 0.072650
0 0.581731 0.683761 0.043269 0.085470
0 0.473558 0.617521 0.038462 0.098291
0 0.510817 0.254274 0.045673 0.055556
0 0.485577 0.318376 0.048077 0.081197
0 0.455529 0.363248 0.036058 0.076923
0 0.417067 0.344017 0.031250 0.072650
0 0.366587 0.405983 0.040865 0.076923
0 0.286058 0.378205 0.033654 0.064103
0 0.163462 0.354701 0.048077 0.076923
