0 0.713942 0.561298 0.081731 0.112981
0 0.850962 0.383413 0.076923 0.069712
0 0.853365 0.293269 0.086538 0.086538
0 0.757212 0.295673 0.091346 0.086538
0 0.739183 0.441106 0.108173 0.098558
0 0.718750 0.372596 0.096154 0.072115
0 0.563702 0.550481 0.084135 0.115385
0 0.540865 0.352163 0.110577 0.084135
0 0.436298 0.520433 0.088942 0.098558
0 0.413462 0.418269 0.091346 0.086538
0 0.435096 0.347356 0.076923 0.093750
0 0.298077 0.460337 0.086538 0.079327
0 0.341346 0.337740 0.081731 0.074519
0 0.234375 0.376202 0.093750 0.074519
0 0.118990 0.342548 0.084135 0.084135
0 0.205529 0.296875 0.074519 0.064904
