0 0.048077 0.643162 0.062500 0.132479
0 0.950721 0.698718 0.036058 0.064103
0 0.867788 0.677350 0.033654 0.064103
0 0.793269 0.679487 0.038462 0.042735
0 0.697115 0.818376 0.052885 0.115385
0 0.920673 0.799145 0.072115 0.111111
0 0.832933 0.799145 0.069712 0.119658
0 0.743990 0.762821 0.074519 0.115385
0 0.645433 0.767094 0.060096 0.106838
0 0.552885 0.756410 0.072115 0.119658
0 0.455529 0.752137 0.064904 0.111111
0 0.365385 0.767094 0.072115 0.106838
0 0.266827 0.745726 0.057692 0.106838
0 0.176683 0.707265 0.055288 0.115385
0 0.121394 0.651709 0.040865 0.098291
0 0.323317 0.679487 0.050481 0.094017
0 0.415865 0.664530 0.043269 0.081197
0 0.504808 0.681624 0.028846 0.072650
0 0.598558 0.690171 0.033654 0.089744
0 0.681490 0.705128 0.031250 0.068376
