0 0.780048 0.500000 0.069712 0.145299
0 0.710337 0.459402 0.060096 0.141026
0 0.644231 0.502137 0.048077 0.098291
0 0.569712 0.450855 0.076923 0.132479
0 0.491587 0.459402 0.064904 0.123932
0 0.368990 0.523504 0.069712 0.132479
0 0.286058 0.521368 0.062500 0.128205
0 0.444712 0.559829 0.072115 0.128205
0 0.526442 0.574786 0.072115 0.132479
0 0.605769 0.587607 0.057692 0.132479
0 0.699519 0.598291 0.062500 0.119658
0 0.653846 0.743590 0.081731 0.153846
0 0.747596 0.856838 0.081731 0.158120
0 0.603365 0.848291 0.076923 0.132479
0 0.515625 0.848291 0.079327 0.175214
0 0.558894 0.717949 0.074519 0.119658
0 0.477163 0.694444 0.074519 0.132479
0 0.388221 0.673077 0.064904 0.115385
0 0.304087 0.653846 0.084135 0.136752
0 0.222356 0.621795 0.079327 0.132479
0 0.165865 0.747863 0.081731 0.136752
0 0.251202 0.794872 0.074519 0.188034
0 0.343750 0.822650 0.076923 0.183761
0 0.426683 0.848291 0.069712 0.132479
0 0.081731 0.786325 0.081731 0.179487
0 0.140625 0.888889 0.098558 0.162393
