0 0.391827 0.694444 0.038462 0.064103
0 0.479567 0.732906 0.036058 0.064103
0 0.508413 0.664530 0.031250 0.072650
0 0.461538 0.664530 0.024038 0.047009
0 0.423077 0.658120 0.028846 0.051282
0 0.480769 0.600427 0.038462 0.038462
0 0.406250 0.493590 0.033654 0.098291
0 0.437500 0.510684 0.033654 0.055556
0 0.457933 0.574786 0.031250 0.064103
0 0.706731 0.536325 0.048077 0.072650
0 0.692308 0.472222 0.043269 0.081197
0 0.653846 0.491453 0.033654 0.085470
0 0.609375 0.493590 0.036058 0.081197
0 0.564904 0.489316 0.043269 0.089744
0 0.495192 0.369658 0.038462 0.064103
0 0.468750 0.322650 0.028846 0.055556
