0 0.762019 0.826923 0.091346 0.149573
0 0.810096 0.467949 0.076923 0.166667
0 0.728365 0.431624 0.062500 0.136752
0 0.715144 0.568376 0.074519 0.111111
0 0.664663 0.461538 0.074519 0.111111
0 0.638221 0.581197 0.064904 0.128205
0 0.676683 0.717949 0.069712 0.145299
0 0.614183 0.818376 0.098558 0.141026
0 0.526442 0.799145 0.081731 0.145299
0 0.574519 0.675214 0.067308 0.136752
0 0.552885 0.540598 0.076923 0.123932
0 0.598558 0.423077 0.072115 0.136752
0 0.513221 0.435897 0.084135 0.111111
0 0.466346 0.536325 0.062500 0.123932
0 0.490385 0.653846 0.067308 0.119658
0 0.435096 0.797009 0.086538 0.141026
0 0.411058 0.643162 0.076923 0.115385
0 0.385817 0.495726 0.069712 0.136752
0 0.307692 0.491453 0.081731 0.128205
0 0.317308 0.619658 0.067308 0.128205
0 0.355769 0.767094 0.062500 0.166667
0 0.266827 0.767094 0.072115 0.166667
0 0.234375 0.583333 0.069712 0.141026
0 0.183894 0.705128 0.079327 0.136752
0 0.146635 0.850427 0.091346 0.170940
0 0.082933 0.741453 0.108173 0.166667
