0 0.233173 0.403846 0.048077 0.064103
0 0.224760 0.574786 0.045673 0.081197
0 0.373798 0.773504 0.055288 0.094017
0 0.368990 0.371795 0.036058 0.059829
0 0.471154 0.606838 0.052885 0.085470
0 0.501202 0.523504 0.050481 0.081197
0 0.497596 0.322650 0.048077 0.055556
0 0.536058 0.194444 0.033654 0.064103
0 0.641827 0.277778 0.043269 0.059829
0 0.640625 0.594017 0.040865 0.102564
0 0.677885 0.630342 0.033654 0.098291
0 0.782452 0.604701 0.050481 0.081197
0 0.734375 0.455128 0.045673 0.081197
0 0.723558 0.346154 0.052885 0.068376
0 0.867788 0.348291 0.043269 0.064103
0 0.877404 0.405983 0.048077 0.051282
