0 0.758413 0.560096 0.117788 0.129808
0 0.751202 0.429087 0.117788 0.103365
0 0.764423 0.304087 0.110577 0.108173
0 0.610577 0.341346 0.110577 0.125000
0 0.605769 0.489183 0.134615 0.122596
0 0.594952 0.612981 0.127404 0.125000
0 0.504808 0.395433 0.125000 0.108173
0 0.451923 0.530048 0.125000 0.112981
0 0.276442 0.578125 0.153846 0.141827
0 0.146635 0.474760 0.110577 0.112981
0 0.135817 0.354567 0.122596 0.122596
0 0.263221 0.340144 0.137019 0.141827
0 0.402644 0.331731 0.132212 0.120192
0 0.341346 0.432692 0.120192 0.096154
