0 0.843750 0.559829 0.028846 0.059829
0 0.822115 0.630342 0.024038 0.055556
0 0.722356 0.465812 0.026442 0.051282
0 0.695913 0.581197 0.031250 0.059829
0 0.687500 0.773504 0.028846 0.068376
0 0.599760 0.739316 0.036058 0.042735
0 0.579327 0.677350 0.043269 0.072650
0 0.337740 0.685897 0.036058 0.072650
0 0.448317 0.579060 0.040865 0.081197
0 0.491587 0.495726 0.045673 0.059829
0 0.689904 0.275641 0.043269 0.072650
0 0.628606 0.083333 0.050481 0.072650
0 0.550481 0.252137 0.038462 0.085470
0 0.421875 0.196581 0.036058 0.076923
0 0.283654 0.147436 0.043269 0.072650
0 0.253606 0.371795 0.045673 0.068376
