0 0.569712 0.098291 0.033654 0.068376
0 0.537260 0.066239 0.045673 0.055556
0 0.527644 0.117521 0.031250 0.072650
0 0.501202 0.132479 0.040865 0.059829
0 0.479567 0.177350 0.031250 0.055556
0 0.383413 0.179487 0.040865 0.076923
0 0.347356 0.183761 0.040865 0.068376
0 0.375000 0.307692 0.048077 0.076923
0 0.413462 0.305556 0.033654 0.072650
0 0.462740 0.425214 0.036058 0.055556
0 0.522837 0.305556 0.036058 0.072650
0 0.526442 0.361111 0.033654 0.047009
0 0.484375 0.307692 0.031250 0.051282
0 0.496394 0.350427 0.036058 0.059829
0 0.465144 0.380342 0.036058 0.051282
0 0.445913 0.307692 0.026442 0.051282
