0 0.567308 0.329060 0.038462 0.068376
0 0.580529 0.427350 0.031250 0.051282
0 0.669471 0.465812 0.045673 0.076923
0 0.717548 0.557692 0.036058 0.064103
0 0.789663 0.660256 0.045673 0.081197
0 0.735577 0.685897 0.038462 0.072650
0 0.707933 0.809829 0.045673 0.072650
0 0.694712 0.720085 0.048077 0.055556
0 0.665865 0.811966 0.038462 0.085470
0 0.582933 0.794872 0.040865 0.076923
0 0.495192 0.797009 0.033654 0.064103
0 0.456731 0.677350 0.048077 0.064103
0 0.515625 0.600427 0.026442 0.064103
0 0.406250 0.510684 0.028846 0.047009
0 0.425481 0.429487 0.033654 0.055556
0 0.480769 0.427350 0.038462 0.076923
