0 0.576923 0.597356 0.100962 0.088942
0 0.669471 0.436298 0.084135 0.088942
0 0.862981 0.485577 0.072115 0.081731
0 0.868990 0.429087 0.079327 0.084135
0 0.860577 0.350962 0.100962 0.086538
0 0.933894 0.323317 0.055288 0.069712
0 0.560096 0.307692 0.105769 0.086538
0 0.415865 0.575721 0.096154 0.088942
0 0.389423 0.639423 0.096154 0.081731
0 0.231971 0.689904 0.088942 0.081731
0 0.120192 0.705529 0.110577 0.093750
0 0.250000 0.581731 0.125000 0.100962
0 0.359375 0.484375 0.079327 0.074519
0 0.411058 0.430288 0.052885 0.072115
0 0.465144 0.389423 0.079327 0.062500
0 0.362981 0.389423 0.081731 0.100962
