0 0.729567 0.589744 0.045673 0.068376
0 0.639423 0.803419 0.038462 0.085470
0 0.554087 0.634615 0.036058 0.072650
0 0.401442 0.538462 0.028846 0.051282
0 0.390625 0.591880 0.036058 0.064103
0 0.432692 0.630342 0.048077 0.064103
0 0.199519 0.720085 0.038462 0.106838
0 0.205529 0.876068 0.050481 0.085470
0 0.417067 0.912393 0.040865 0.081197
0 0.545673 0.942308 0.062500 0.072650
0 0.498798 0.910256 0.036058 0.068376
0 0.455529 0.882479 0.036058 0.089744
0 0.462740 0.959402 0.036058 0.072650
0 0.539663 0.702991 0.045673 0.081197
0 0.584135 0.711538 0.038462 0.081197
0 0.608173 0.773504 0.043269 0.094017
