0 0.421875 0.707265 0.064904 0.106838
0 0.442308 0.371795 0.043269 0.068376
0 0.204327 0.485043 0.052885 0.098291
0 0.141827 0.425214 0.052885 0.089744
0 0.176683 0.286325 0.055288 0.085470
0 0.212740 0.207265 0.055288 0.089744
0 0.436298 0.290598 0.045673 0.051282
0 0.431490 0.222222 0.050481 0.059829
0 0.731971 0.344017 0.040865 0.055556
0 0.884615 0.410256 0.033654 0.094017
0 0.831731 0.341880 0.043269 0.102564
0 0.782452 0.299145 0.060096 0.119658
0 0.725962 0.264957 0.043269 0.094017
0 0.675481 0.235043 0.043269 0.111111
0 0.618990 0.198718 0.050481 0.098291
0 0.524038 0.121795 0.038462 0.098291
0 0.479567 0.151709 0.036058 0.055556
0 0.427885 0.162393 0.043269 0.059829
0 0.460337 0.072650 0.045673 0.076923
0 0.406250 0.096154 0.038462 0.047009
0 0.362981 0.130342 0.043269 0.072650
0 0.319712 0.085470 0.043269 0.068376
0 0.284856 0.121795 0.040865 0.072650
0 0.361779 0.047009 0.031250 0.051282
0 0.406250 0.044872 0.033654 0.038462
